[main]
xvecx = 0.0227062819123
xvecy = 0.999728518503
xvecz = 0.00522628488878
yvecx = -0.0320336166455
yvecy = -0.00449740646748
yvecz = 0.999476673434
zvecx = -0.999228838738
zvecy = 0.0228618159183
zvecz = -0.0319228007322
axp = 16525.5516689
axm = 16787.367211
ayp = 15894.0923527
aym = 17457.981211
azp = 16406.35553
azm = 16547.409882
pgainx = 0.5
pgainy = 0.5
pgainz = 1.0
igainx = 0.0
igainy = 0.0
igainz = 0.0
dgainx = 0.0
dgainy = 0.0
dgainz = 0.0
zgyr = [ 0.99756355  0.01497861  0.06813673]
ygyr = [ 0.05759973  0.01464054  0.9982324 ]
xgyr = [ 0.01595055  0.99977833  0.01374284]
xgyrx = -0.0108117676842
xgyry = -0.996922086967
xgyrz = -0.0776495859367
ygyrx = -0.017774514912
ygyry = 0.0778334603928
ygyrz = -0.996807914828
zgyrx = -0.999884358791
zgyry = 0.00994797423814
zgyrz = 0.0115024716355

